00100120210106
00100120210207
00100120210308
00100120210409
00100120210510
00100120210607
00100120210709
00100120210810
00100120210908
00100120211010
00100120211106
00100120211207
00100220210108
00100220210209
00100220210310
00100220210407
00100220210509
00100220210610
00100220210708
00100220210810
00100220210906
00100220211007
00100220211108
00100220211209
00100320200110
00100320200207
00100320200309
00100320200410
00100320200508
00100320200610
00100320200706
00100320200807
00100320200908
00100320201009
00100320201110
00100320201207
00100420210109
00100420210210
00100420210308
00100420210410
00100420210506
00100420210607
00100420210708
00100420210809
00100420210910
00100420211007
00100420211109
00100420211210
00100520200108
00100520200210
00100520200306
00100520200407
00100520200508
00100520200609
00100520200710
00100520200807
00100520200909
00100520201010
00100520201108
00100520201210
00100620200106
00100620200207
00100620200308
00100620200409
00100620200510
00100620200607
00100620200709
00100620200810
00100620200908
00100620201010
00100620201106
00100620201207
00100720200108
00100720200209
00100720200310
00100720200407
00100720200509
00100720200610
00100720200708
00100720200810
00100720200906
00100720201007
00100720201108
00100720201209
00100820210110
00100820210207
00100820210309
00100820210410
00100820210508
00100820210610
00100820210706
00100820210807
00100820210908
00100820211009
00100820211110
00100820211207
00110120210109
00110120210210
00110120210308
00110120210410
00110120210506
00110120210607
00110120210708
00110120210809
00110120210910
00110120211007
00110120211109
00110120211210
00110220200108
00110220200210
00110220200306
00110220200407
00110220200508
00110220200609
00110220200710
00110220200807
00110220200909
00110220201010
00110220201108
00110220201210
00110320210106
00110320210207
00110320210308
00110320210409
00110320210510
00110320210607
00110320210709
00110320210810
00110320210908
00110320211010
00110320211106
00110320211207
00110420210108
00110420210209
00110420210310
00110420210407
00110420210509
00110420210610
00110420210708
00110420210810
00110420210906
00110420211007
00110420211108
00110420211209
00110520200110
00110520200207
00110520200309
00110520200410
00110520200508
00110520200610
00110520200706
00110520200807
00110520200908
00110520201009
00110520201110
00110520201207
00110620200109
00110620200210
00110620200308
00110620200410
00110620200506
00110620200607
00110620200708
00110620200809
00110620200910
00110620201007
00110620201109
00110620201210
00110720200108
00110720200210
00110720200306
00110720200407
00110720200508
00110720200609
00110720200710
00110720200807
00110720200909
00110720201010
00110720201108
00110720201210
00110820200106
00110820200207
00110820200308
00110820200409
00110820200510
00110820200607
00110820200709
00110820200810
00110820200908
00110820201010
00110820201106
00110820201207
00120120200108
00120120200209
00120120200310
00120120200407
00120120200509
00120120200610
00120120200708
00120120200810
00120120200906
00120120201007
00120120201108
00120120201209
00120220200110
00120220200207
00120220200309
00120220200410
00120220200508
00120220200610
00120220200706
00120220200807
00120220200908
00120220201009
00120220201110
00120220201207
00120320210109
00120320210210
00120320210308
00120320210410
00120320210506
00120320210607
00120320210708
00120320210809
00120320210910
00120320211007
00120320211109
00120320211210
00120420200108
00120420200210
00120420200306
00120420200407
00120420200508
00120420200609
00120420200710
00120420200807
00120420200909
00120420201010
00120420201108
00120420201210
00120520200106
00120520200207
00120520200308
00120520200409
00120520200510
00120520200607
00120520200709
00120520200810
00120520200908
00120520201010
00120520201106
00120520201207
00120620200108
00120620200209
00120620200310
00120620200407
00120620200509
00120620200610
00120620200708
00120620200810
00120620200906
00120620201007
00120620201108
00120620201209
00120720200110
00120720200207
00120720200309
00120720200410
00120720200508
00120720200610
00120720200706
00120720200807
00120720200908
00120720201009
00120720201110
00120720201207
00120820210109
00120820210210
00120820210308
00120820210410
00120820210506
00120820210607
00120820210708
00120820210809
00120820210910
00120820211007
00120820211109
00120820211210
00130120210108
00130120210210
00130120210306
00130120210407
00130120210508
00130120210609
00130120210710
00130120210807
00130120210909
00130120211010
00130120211108
00130120211210
00130220200106
00130220200207
00130220200308
00130220200409
00130220200510
00130220200607
00130220200709
00130220200810
00130220200908
00130220201010
00130220201106
00130220201207
00130320210108
00130320210209
00130320210310
00130320210407
00130320210509
00130320210610
00130320210708
00130320210810
00130320210906
00130320211007
00130320211108
00130320211209
00130420200110
00130420200207
00130420200309
00130420200410
00130420200508
00130420200610
00130420200706
00130420200807
00130420200908
00130420201009
00130420201110
00130420201207
00130520200109
00130520200210
00130520200308
00130520200410
00130520200506
00130520200607
00130520200708
00130520200809
00130520200910
00130520201007
00130520201109
00130520201210
00130620200108
00130620200210
00130620200306
00130620200407
00130620200508
00130620200609
00130620200710
00130620200807
00130620200909
00130620201010
00130620201108
00130620201210
00130720200106
00130720200207
00130720200308
00130720200409
00130720200510
00130720200607
00130720200709
00130720200810
00130720200908
00130720201010
00130720201106
00130720201207
00130820210108
00130820210209
00130820210310
00130820210407
00130820210509
00130820210610
00130820210708
00130820210810
00130820210906
00130820211007
00130820211108
00130820211209
00140120200110
00140120200207
00140120200309
00140120200410
00140120200508
00140120200610
00140120200706
00140120200807
00140120200908
00140120201009
00140120201110
00140120201207
00140220210109
00140220210210
00140220210308
00140220210410
00140220210506
00140220210607
00140220210708
00140220210809
00140220210910
00140220211007
00140220211109
00140220211210
00140320200108
00140320200210
00140320200306
00140320200407
00140320200508
00140320200609
00140320200710
00140320200807
00140320200909
00140320201010
00140320201108
00140320201210
00140420210106
00140420210207
00140420210308
00140420210409
00140420210510
00140420210607
00140420210709
00140420210810
00140420210908
00140420211010
00140420211106
00140420211207
00140520200108
00140520200209
00140520200310
00140520200407
00140520200509
00140520200610
00140520200708
00140520200810
00140520200906
00140520201007
00140520201108
00140520201209
00140620210110
00140620210207
00140620210309
00140620210410
00140620210508
00140620210610
00140620210706
00140620210807
00140620210908
00140620211009
00140620211110
00140620211207
00140720210109
00140720210210
00140720210308
00140720210410
00140720210506
00140720210607
00140720210708
00140720210809
00140720210910
00140720211007
00140720211109
00140720211210
00140820210108
00140820210210
00140820210306
00140820210407
00140820210508
00140820210609
00140820210710
00140820210807
00140820210909
00140820211010
00140820211108
00140820211210
00150120210106
00150120210207
00150120210308
00150120210409
00150120210510
00150120210607
00150120210709
00150120210810
00150120210908
00150120211010
00150120211106
00150120211207
00150220200108
00150220200209
00150220200310
00150220200407
00150220200509
00150220200610
00150220200708
00150220200810
00150220200906
00150220201007
00150220201108
00150220201209
00150320200110
00150320200207
00150320200309
00150320200410
00150320200508
00150320200610
00150320200706
00150320200807
00150320200908
00150320201009
00150320201110
00150320201207
00150420200109
00150420200210
00150420200308
00150420200410
00150420200506
00150420200607
00150420200708
00150420200809
00150420200910
00150420201007
00150420201109
00150420201210
00150520210108
00150520210210
00150520210306
00150520210407
00150520210508
00150520210609
00150520210710
00150520210807
00150520210909
00150520211010
00150520211108
00150520211210
00150620210106
00150620210207
00150620210308
00150620210409
00150620210510
00150620210607
00150620210709
00150620210810
00150620210908
00150620211010
00150620211106
00150620211207
00150720210108
00150720210209
00150720210310
00150720210407
00150720210509
00150720210610
00150720210708
00150720210810
00150720210906
00150720211007
00150720211108
00150720211209
00150820200110
00150820200207
00150820200309
00150820200410
00150820200508
00150820200610
00150820200706
00150820200807
00150820200908
00150820201009
00150820201110
00150820201207
00160120200109
00160120200210
00160120200308
00160120200410
00160120200506
00160120200607
00160120200708
00160120200809
00160120200910
00160120201007
00160120201109
00160120201210
00160220210108
00160220210210
00160220210306
00160220210407
00160220210508
00160220210609
00160220210710
00160220210807
00160220210909
00160220211010
00160220211108
00160220211210
00160320210106
00160320210207
00160320210308
00160320210409
00160320210510
00160320210607
00160320210709
00160320210810
00160320210908
00160320211010
00160320211106
00160320211207
00160420210108
00160420210209
00160420210310
00160420210407
00160420210509
00160420210610
00160420210708
00160420210810
00160420210906
00160420211007
00160420211108
00160420211209
00160520210110
00160520210207
00160520210309
00160520210410
00160520210508
00160520210610
00160520210706
00160520210807
00160520210908
00160520211009
00160520211110
00160520211207
00160620210109
00160620210210
00160620210308
00160620210410
00160620210506
00160620210607
00160620210708
00160620210809
00160620210910
00160620211007
00160620211109
00160620211210
00160720200108
00160720200210
00160720200306
00160720200407
00160720200508
00160720200609
00160720200710
00160720200807
00160720200909
00160720201010
00160720201108
00160720201210
00160820210106
00160820210207
00160820210308
00160820210409
00160820210510
00160820210607
00160820210709
00160820210810
00160820210908
00160820211010
00160820211106
00160820211207
00170120210108
00170120210209
00170120210310
00170120210407
00170120210509
00170120210610
00170120210708
00170120210810
00170120210906
00170120211007
00170120211108
00170120211209
00170220200110
00170220200207
00170220200309
00170220200410
00170220200508
00170220200610
00170220200706
00170220200807
00170220200908
00170220201009
00170220201110
00170220201207
00170320200109
00170320200210
00170320200308
00170320200410
00170320200506
00170320200607
00170320200708
00170320200809
00170320200910
00170320201007
00170320201109
00170320201210
00170420210108
00170420210210
00170420210306
00170420210407
00170420210508
00170420210609
00170420210710
00170420210807
00170420210909
00170420211010
00170420211108
00170420211210
00170520200106
00170520200207
00170520200308
00170520200409
00170520200510
00170520200607
00170520200709
00170520200810
00170520200908
00170520201010
00170520201106
00170520201207
00170620210108
00170620210209
00170620210310
00170620210407
00170620210509
00170620210610
00170620210708
00170620210810
00170620210906
00170620211007
00170620211108
00170620211209
00170720210110
00170720210207
00170720210309
00170720210410
00170720210508
00170720210610
00170720210706
00170720210807
00170720210908
00170720211009
00170720211110
00170720211207
00170820200109
00170820200210
00170820200308
00170820200410
00170820200506
00170820200607
00170820200708
00170820200809
00170820200910
00170820201007
00170820201109
00170820201210
00180120210108
00180120210210
00180120210306
00180120210407
00180120210508
00180120210609
00180120210710
00180120210807
00180120210909
00180120211010
00180120211108
00180120211210
00180220200106
00180220200207
00180220200308
00180220200409
00180220200510
00180220200607
00180220200709
00180220200810
00180220200908
00180220201010
00180220201106
00180220201207
00180320200108
00180320200209
00180320200310
00180320200407
00180320200509
00180320200610
00180320200708
00180320200810
00180320200906
00180320201007
00180320201108
00180320201209
00180420200110
00180420200207
00180420200309
00180420200410
00180420200508
00180420200610
00180420200706
00180420200807
00180420200908
00180420201009
00180420201110
00180420201207
00180520200109
00180520200210
00180520200308
00180520200410
00180520200506
00180520200607
00180520200708
00180520200809
00180520200910
00180520201007
00180520201109
00180520201210
00180620200108
00180620200210
00180620200306
00180620200407
00180620200508
00180620200609
00180620200710
00180620200807
00180620200909
00180620201010
00180620201108
00180620201210
00180720210106
00180720210207
00180720210308
00180720210409
00180720210510
00180720210607
00180720210709
00180720210810
00180720210908
00180720211010
00180720211106
00180720211207
00180820210108
00180820210209
00180820210310
00180820210407
00180820210509
00180820210610
00180820210708
00180820210810
00180820210906
00180820211007
00180820211108
00180820211209
00190120210110
00190120210207
00190120210309
00190120210410
00190120210508
00190120210610
00190120210706
00190120210807
00190120210908
00190120211009
00190120211110
00190120211207
00190220200109
00190220200210
00190220200308
00190220200410
00190220200506
00190220200607
00190220200708
00190220200809
00190220200910
00190220201007
00190220201109
00190220201210
00190320210108
00190320210210
00190320210306
00190320210407
00190320210508
00190320210609
00190320210710
00190320210807
00190320210909
00190320211010
00190320211108
00190320211210
00190420210106
00190420210207
00190420210308
00190420210409
00190420210510
00190420210607
00190420210709
00190420210810
00190420210908
00190420211010
00190420211106
00190420211207
00190520200108
00190520200209
00190520200310
00190520200407
00190520200509
00190520200610
00190520200708
00190520200810
00190520200906
00190520201007
00190520201108
00190520201209
00190620210110
00190620210207
00190620210309
00190620210410
00190620210508
00190620210610
00190620210706
00190620210807
00190620210908
00190620211009
00190620211110
00190620211207
00190720200109
00190720200210
00190720200308
00190720200410
00190720200506
00190720200607
00190720200708
00190720200809
00190720200910
00190720201007
00190720201109
00190720201210
00190820200108
00190820200210
00190820200306
00190820200407
00190820200508
00190820200609
00190820200710
00190820200807
00190820200909
00190820201010
00190820201108
00190820201210
00200120210106
00200120210207
00200120210308
00200120210409
00200120210510
00200120210607
00200120210709
00200120210810
00200120210908
00200120211010
00200120211106
00200120211207
00200220200108
00200220200209
00200220200310
00200220200407
00200220200509
00200220200610
00200220200708
00200220200810
00200220200906
00200220201007
00200220201108
00200220201209
00200320200110
00200320200207
00200320200309
00200320200410
00200320200508
00200320200610
00200320200706
00200320200807
00200320200908
00200320201009
00200320201110
00200320201207
00200420210109
00200420210210
00200420210308
00200420210410
00200420210506
00200420210607
00200420210708
00200420210809
00200420210910
00200420211007
00200420211109
00200420211210
00200520210108
00200520210210
00200520210306
00200520210407
00200520210508
00200520210609
00200520210710
00200520210807
00200520210909
00200520211010
00200520211108
00200520211210
00200620210106
00200620210207
00200620210308
00200620210409
00200620210510
00200620210607
00200620210709
00200620210810
00200620210908
00200620211010
00200620211106
00200620211207
00200720210108
00200720210209
00200720210310
00200720210407
00200720210509
00200720210610
00200720210708
00200720210810
00200720210906
00200720211007
00200720211108
00200720211209
00200820200110
00200820200207
00200820200309
00200820200410
00200820200508
00200820200610
00200820200706
00200820200807
00200820200908
00200820201009
00200820201110
00200820201207
00210120200109
00210120200210
00210120200308
00210120200410
00210120200506
00210120200607
00210120200708
00210120200809
00210120200910
00210120201007
00210120201109
00210120201210
00210220210108
00210220210210
00210220210306
00210220210407
00210220210508
00210220210609
00210220210710
00210220210807
00210220210909
00210220211010
00210220211108
00210220211210
00210320200106
00210320200207
00210320200308
00210320200409
00210320200510
00210320200607
00210320200709
00210320200810
00210320200908
00210320201010
00210320201106
00210320201207
00210420200108
00210420200209
00210420200310
00210420200407
00210420200509
00210420200610
00210420200708
00210420200810
00210420200906
00210420201007
00210420201108
00210420201209
00210520200110
00210520200207
00210520200309
00210520200410
00210520200508
00210520200610
00210520200706
00210520200807
00210520200908
00210520201009
00210520201110
00210520201207
00210620200109
00210620200210
00210620200308
00210620200410
00210620200506
00210620200607
00210620200708
00210620200809
00210620200910
00210620201007
00210620201109
00210620201210
00210720210108
00210720210210
00210720210306
00210720210407
00210720210508
00210720210609
00210720210710
00210720210807
00210720210909
00210720211010
00210720211108
00210720211210
00210820200106
00210820200207
00210820200308
00210820200409
00210820200510
00210820200607
00210820200709
00210820200810
00210820200908
00210820201010
00210820201106
00210820201207
00220120200108
00220120200209
00220120200310
00220120200407
00220120200509
00220120200610
00220120200708
00220120200810
00220120200906
00220120201007
00220120201108
00220120201209
00220220210110
00220220210207
00220220210309
00220220210410
00220220210508
00220220210610
00220220210706
00220220210807
00220220210908
00220220211009
00220220211110
00220220211207
00220320210109
00220320210210
00220320210308
00220320210410
00220320210506
00220320210607
00220320210708
00220320210809
00220320210910
00220320211007
00220320211109
00220320211210
00220420200108
00220420200210
00220420200306
00220420200407
00220420200508
00220420200609
00220420200710
00220420200807
00220420200909
00220420201010
00220420201108
00220420201210
00220520200106
00220520200207
00220520200308
00220520200409
00220520200510
00220520200607
00220520200709
00220520200810
00220520200908
00220520201010
00220520201106
00220520201207
00220620210108
00220620210209
00220620210310
00220620210407
00220620210509
00220620210610
00220620210708
00220620210810
00220620210906
00220620211007
00220620211108
00220620211209
00220720210110
00220720210207
00220720210309
00220720210410
00220720210508
00220720210610
00220720210706
00220720210807
00220720210908
00220720211009
00220720211110
00220720211207
00220820200109
00220820200210
00220820200308
00220820200410
00220820200506
00220820200607
00220820200708
00220820200809
00220820200910
00220820201007
00220820201109
00220820201210
00230120210108
00230120210210
00230120210306
00230120210407
00230120210508
00230120210609
00230120210710
00230120210807
00230120210909
00230120211010
00230120211108
00230120211210
00230220210106
00230220210207
00230220210308
00230220210409
00230220210510
00230220210607
00230220210709
00230220210810
00230220210908
00230220211010
00230220211106
00230220211207
00230320200108
00230320200209
00230320200310
00230320200407
00230320200509
00230320200610
00230320200708
00230320200810
00230320200906
00230320201007
00230320201108
00230320201209
00230420200110
00230420200207
00230420200309
00230420200410
00230420200508
00230420200610
00230420200706
00230420200807
00230420200908
00230420201009
00230420201110
00230420201207
00230520210109
00230520210210
00230520210308
00230520210410
00230520210506
00230520210607
00230520210708
00230520210809
00230520210910
00230520211007
00230520211109
00230520211210
00230620210108
00230620210210
00230620210306
00230620210407
00230620210508
00230620210609
00230620210710
00230620210807
00230620210909
00230620211010
00230620211108
00230620211210
00230720210106
00230720210207
00230720210308
00230720210409
00230720210510
00230720210607
00230720210709
00230720210810
00230720210908
00230720211010
00230720211106
00230720211207
00230820210108
00230820210209
00230820210310
00230820210407
00230820210509
00230820210610
00230820210708
00230820210810
00230820210906
00230820211007
00230820211108
00230820211209
00240120210110
00240120210207
00240120210309
00240120210410
00240120210508
00240120210610
00240120210706
00240120210807
00240120210908
00240120211009
00240120211110
00240120211207
00240220200109
00240220200210
00240220200308
00240220200410
00240220200506
00240220200607
00240220200708
00240220200809
00240220200910
00240220201007
00240220201109
00240220201210
00240320200108
00240320200210
00240320200306
00240320200407
00240320200508
00240320200609
00240320200710
00240320200807
00240320200909
00240320201010
00240320201108
00240320201210
00240420210106
00240420210207
00240420210308
00240420210409
00240420210510
00240420210607
00240420210709
00240420210810
00240420210908
00240420211010
00240420211106
00240420211207
00240520210108
00240520210209
00240520210310
00240520210407
00240520210509
00240520210610
00240520210708
00240520210810
00240520210906
00240520211007
00240520211108
00240520211209
00240620210110
00240620210207
00240620210309
00240620210410
00240620210508
00240620210610
00240620210706
00240620210807
00240620210908
00240620211009
00240620211110
00240620211207
00240720210109
00240720210210
00240720210308
00240720210410
00240720210506
00240720210607
00240720210708
00240720210809
00240720210910
00240720211007
00240720211109
00240720211210
00240820200108
00240820200210
00240820200306
00240820200407
00240820200508
00240820200609
00240820200710
00240820200807
00240820200909
00240820201010
00240820201108
00240820201210
00250120200106
00250120200207
00250120200308
00250120200409
00250120200510
00250120200607
00250120200709
00250120200810
00250120200908
00250120201010
00250120201106
00250120201207
00250220200108
00250220200209
00250220200310
00250220200407
00250220200509
00250220200610
00250220200708
00250220200810
00250220200906
00250220201007
00250220201108
00250220201209
00250320200110
00250320200207
00250320200309
00250320200410
00250320200508
00250320200610
00250320200706
00250320200807
00250320200908
00250320201009
00250320201110
00250320201207
00250420210109
00250420210210
00250420210308
00250420210410
00250420210506
00250420210607
00250420210708
00250420210809
00250420210910
00250420211007
00250420211109
00250420211210
00250520200108
00250520200210
00250520200306
00250520200407
00250520200508
00250520200609
00250520200710
00250520200807
00250520200909
00250520201010
00250520201108
00250520201210
00250620210106
00250620210207
00250620210308
00250620210409
00250620210510
00250620210607
00250620210709
00250620210810
00250620210908
00250620211010
00250620211106
00250620211207
00250720200108
00250720200209
00250720200310
00250720200407
00250720200509
00250720200610
00250720200708
00250720200810
00250720200906
00250720201007
00250720201108
00250720201209
00250820200110
00250820200207
00250820200309
00250820200410
00250820200508
00250820200610
00250820200706
00250820200807
00250820200908
00250820201009
00250820201110
00250820201207
00260120200109
00260120200210
00260120200308
00260120200410
00260120200506
00260120200607
00260120200708
00260120200809
00260120200910
00260120201007
00260120201109
00260120201210
00260220210108
00260220210210
00260220210306
00260220210407
00260220210508
00260220210609
00260220210710
00260220210807
00260220210909
00260220211010
00260220211108
00260220211210
00260320210106
00260320210207
00260320210308
00260320210409
00260320210510
00260320210607
00260320210709
00260320210810
00260320210908
00260320211010
00260320211106
00260320211207
00260420200108
00260420200209
00260420200310
00260420200407
00260420200509
00260420200610
00260420200708
00260420200810
00260420200906
00260420201007
00260420201108
00260420201209
00260520200110
00260520200207
00260520200309
00260520200410
00260520200508
00260520200610
00260520200706
00260520200807
00260520200908
00260520201009
00260520201110
00260520201207
00260620210109
00260620210210
00260620210308
00260620210410
00260620210506
00260620210607
00260620210708
00260620210809
00260620210910
00260620211007
00260620211109
00260620211210
00260720200108
00260720200210
00260720200306
00260720200407
00260720200508
00260720200609
00260720200710
00260720200807
00260720200909
00260720201010
00260720201108
00260720201210
00260820200106
00260820200207
00260820200308
00260820200409
00260820200510
00260820200607
00260820200709
00260820200810
00260820200908
00260820201010
00260820201106
00260820201207
00270120210108
00270120210209
00270120210310
00270120210407
00270120210509
00270120210610
00270120210708
00270120210810
00270120210906
00270120211007
00270120211108
00270120211209
00270220200110
00270220200207
00270220200309
00270220200410
00270220200508
00270220200610
00270220200706
00270220200807
00270220200908
00270220201009
00270220201110
00270220201207
00270320200109
00270320200210
00270320200308
00270320200410
00270320200506
00270320200607
00270320200708
00270320200809
00270320200910
00270320201007
00270320201109
00270320201210
00270420200108
00270420200210
00270420200306
00270420200407
00270420200508
00270420200609
00270420200710
00270420200807
00270420200909
00270420201010
00270420201108
00270420201210
00270520200106
00270520200207
00270520200308
00270520200409
00270520200510
00270520200607
00270520200709
00270520200810
00270520200908
00270520201010
00270520201106
00270520201207
00270620210108
00270620210209
00270620210310
00270620210407
00270620210509
00270620210610
00270620210708
00270620210810
00270620210906
00270620211007
00270620211108
00270620211209
00270720200110
00270720200207
00270720200309
00270720200410
00270720200508
00270720200610
00270720200706
00270720200807
00270720200908
00270720201009
00270720201110
00270720201207
00270820210109
00270820210210
00270820210308
00270820210410
00270820210506
00270820210607
00270820210708
00270820210809
00270820210910
00270820211007
00270820211109
00270820211210
00280120210108
00280120210210
00280120210306
00280120210407
00280120210508
00280120210609
00280120210710
00280120210807
00280120210909
00280120211010
00280120211108
00280120211210
00280220210106
00280220210207
00280220210308
00280220210409
00280220210510
00280220210607
00280220210709
00280220210810
00280220210908
00280220211010
00280220211106
00280220211207
00280320210108
00280320210209
00280320210310
00280320210407
00280320210509
00280320210610
00280320210708
00280320210810
00280320210906
00280320211007
00280320211108
00280320211209
00280420200110
00280420200207
00280420200309
00280420200410
00280420200508
00280420200610
00280420200706
00280420200807
00280420200908
00280420201009
00280420201110
00280420201207
00280520210109
00280520210210
00280520210308
00280520210410
00280520210506
00280520210607
00280520210708
00280520210809
00280520210910
00280520211007
00280520211109
00280520211210
00280620200108
00280620200210
00280620200306
00280620200407
00280620200508
00280620200609
00280620200710
00280620200807
00280620200909
00280620201010
00280620201108
00280620201210
00280720200106
00280720200207
00280720200308
00280720200409
00280720200510
00280720200607
00280720200709
00280720200810
00280720200908
00280720201010
00280720201106
00280720201207
00280820210108
00280820210209
00280820210310
00280820210407
00280820210509
00280820210610
00280820210708
00280820210810
00280820210906
00280820211007
00280820211108
00280820211209
00290120210110
00290120210207
00290120210309
00290120210410
00290120210508
00290120210610
00290120210706
00290120210807
00290120210908
00290120211009
00290120211110
00290120211207
00290220200109
00290220200210
00290220200308
00290220200410
00290220200506
00290220200607
00290220200708
00290220200809
00290220200910
00290220201007
00290220201109
00290220201210
00290320210108
00290320210210
00290320210306
00290320210407
00290320210508
00290320210609
00290320210710
00290320210807
00290320210909
00290320211010
00290320211108
00290320211210
00290420210106
00290420210207
00290420210308
00290420210409
00290420210510
00290420210607
00290420210709
00290420210810
00290420210908
00290420211010
00290420211106
00290420211207
00290520210108
00290520210209
00290520210310
00290520210407
00290520210509
00290520210610
00290520210708
00290520210810
00290520210906
00290520211007
00290520211108
00290520211209
00290620200110
00290620200207
00290620200309
00290620200410
00290620200508
00290620200610
00290620200706
00290620200807
00290620200908
00290620201009
00290620201110
00290620201207
00290720200109
00290720200210
00290720200308
00290720200410
00290720200506
00290720200607
00290720200708
00290720200809
00290720200910
00290720201007
00290720201109
00290720201210
00290820210108
00290820210210
00290820210306
00290820210407
00290820210508
00290820210609
00290820210710
00290820210807
00290820210909
00290820211010
00290820211108
00290820211210
00300120200106
00300120200207
00300120200308
00300120200409
00300120200510
00300120200607
00300120200709
00300120200810
00300120200908
00300120201010
00300120201106
00300120201207
00300220210108
00300220210209
00300220210310
00300220210407
00300220210509
00300220210610
00300220210708
00300220210810
00300220210906
00300220211007
00300220211108
00300220211209
00300320210110
00300320210207
00300320210309
00300320210410
00300320210508
00300320210610
00300320210706
00300320210807
00300320210908
00300320211009
00300320211110
00300320211207
00300420200109
00300420200210
00300420200308
00300420200410
00300420200506
00300420200607
00300420200708
00300420200809
00300420200910
00300420201007
00300420201109
00300420201210
00300520200108
00300520200210
00300520200306
00300520200407
00300520200508
00300520200609
00300520200710
00300520200807
00300520200909
00300520201010
00300520201108
00300520201210
00300620210106
00300620210207
00300620210308
00300620210409
00300620210510
00300620210607
00300620210709
00300620210810
00300620210908
00300620211010
00300620211106
00300620211207
00300720200108
00300720200209
00300720200310
00300720200407
00300720200509
00300720200610
00300720200708
00300720200810
00300720200906
00300720201007
00300720201108
00300720201209
00300820200110
00300820200207
00300820200309
00300820200410
00300820200508
00300820200610
00300820200706
00300820200807
00300820200908
00300820201009
00300820201110
00300820201207
00310120210109
00310120210210
00310120210308
00310120210410
00310120210506
00310120210607
00310120210708
00310120210809
00310120210910
00310120211007
00310120211109
00310120211210
00310220210108
00310220210210
00310220210306
00310220210407
00310220210508
00310220210609
00310220210710
00310220210807
00310220210909
00310220211010
00310220211108
00310220211210
00310320210106
00310320210207
00310320210308
00310320210409
00310320210510
00310320210607
00310320210709
00310320210810
00310320210908
00310320211010
00310320211106
00310320211207
00310420200108
00310420200209
00310420200310
00310420200407
00310420200509
00310420200610
00310420200708
00310420200810
00310420200906
00310420201007
00310420201108
00310420201209
00310520210110
00310520210207
00310520210309
00310520210410
00310520210508
00310520210610
00310520210706
00310520210807
00310520210908
00310520211009
00310520211110
00310520211207
00310620200109
00310620200210
00310620200308
00310620200410
00310620200506
00310620200607
00310620200708
00310620200809
00310620200910
00310620201007
00310620201109
00310620201210
00310720210108
00310720210210
00310720210306
00310720210407
00310720210508
00310720210609
00310720210710
00310720210807
00310720210909
00310720211010
00310720211108
00310720211210
00310820200106
00310820200207
00310820200308
00310820200409
00310820200510
00310820200607
00310820200709
00310820200810
00310820200908
00310820201010
00310820201106
00310820201207
00320120210108
00320120210209
00320120210310
00320120210407
00320120210509
00320120210610
00320120210708
00320120210810
00320120210906
00320120211007
00320120211108
00320120211209
00320220210110
00320220210207
00320220210309
00320220210410
00320220210508
00320220210610
00320220210706
00320220210807
00320220210908
00320220211009
00320220211110
00320220211207
00320320210109
00320320210210
00320320210308
00320320210410
00320320210506
00320320210607
00320320210708
00320320210809
00320320210910
00320320211007
00320320211109
00320320211210
00320420200108
00320420200210
00320420200306
00320420200407
00320420200508
00320420200609
00320420200710
00320420200807
00320420200909
00320420201010
00320420201108
00320420201210
00320520200106
00320520200207
00320520200308
00320520200409
00320520200510
00320520200607
00320520200709
00320520200810
00320520200908
00320520201010
00320520201106
00320520201207
00320620200108
00320620200209
00320620200310
00320620200407
00320620200509
00320620200610
00320620200708
00320620200810
00320620200906
00320620201007
00320620201108
00320620201209
00320720210110
00320720210207
00320720210309
00320720210410
00320720210508
00320720210610
00320720210706
00320720210807
00320720210908
00320720211009
00320720211110
00320720211207
00320820210109
00320820210210
00320820210308
00320820210410
00320820210506
00320820210607
00320820210708
00320820210809
00320820210910
00320820211007
00320820211109
00320820211210
00330120200108
00330120200210
00330120200306
00330120200407
00330120200508
00330120200609
00330120200710
00330120200807
00330120200909
00330120201010
00330120201108
00330120201210
00330220200106
00330220200207
00330220200308
00330220200409
00330220200510
00330220200607
00330220200709
00330220200810
00330220200908
00330220201010
00330220201106
00330220201207
00330320210108
00330320210209
00330320210310
00330320210407
00330320210509
00330320210610
00330320210708
00330320210810
00330320210906
00330320211007
00330320211108
00330320211209
00330420200110
00330420200207
00330420200309
00330420200410
00330420200508
00330420200610
00330420200706
00330420200807
00330420200908
00330420201009
00330420201110
00330420201207
00330520210109
00330520210210
00330520210308
00330520210410
00330520210506
00330520210607
00330520210708
00330520210809
00330520210910
00330520211007
00330520211109
00330520211210
00330620200108
00330620200210
00330620200306
00330620200407
00330620200508
00330620200609
00330620200710
00330620200807
00330620200909
00330620201010
00330620201108
00330620201210
00330720210106
00330720210207
00330720210308
00330720210409
00330720210510
00330720210607
00330720210709
00330720210810
00330720210908
00330720211010
00330720211106
00330720211207
00330820210108
00330820210209
00330820210310
00330820210407
00330820210509
00330820210610
00330820210708
00330820210810
00330820210906
00330820211007
00330820211108
00330820211209
00340120210110
00340120210207
00340120210309
00340120210410
00340120210508
00340120210610
00340120210706
00340120210807
00340120210908
00340120211009
00340120211110
00340120211207
00340220210109
00340220210210
00340220210308
00340220210410
00340220210506
00340220210607
00340220210708
00340220210809
00340220210910
00340220211007
00340220211109
00340220211210
00340320210108
00340320210210
00340320210306
00340320210407
00340320210508
00340320210609
00340320210710
00340320210807
00340320210909
00340320211010
00340320211108
00340320211210
00340420210106
00340420210207
00340420210308
00340420210409
00340420210510
00340420210607
00340420210709
00340420210810
00340420210908
00340420211010
00340420211106
00340420211207
00340520210108
00340520210209
00340520210310
00340520210407
00340520210509
00340520210610
00340520210708
00340520210810
00340520210906
00340520211007
00340520211108
00340520211209
00340620200110
00340620200207
00340620200309
00340620200410
00340620200508
00340620200610
00340620200706
00340620200807
00340620200908
00340620201009
00340620201110
00340620201207
00340720200109
00340720200210
00340720200308
00340720200410
00340720200506
00340720200607
00340720200708
00340720200809
00340720200910
00340720201007
00340720201109
00340720201210
00340820200108
00340820200210
00340820200306
00340820200407
00340820200508
00340820200609
00340820200710
00340820200807
00340820200909
00340820201010
00340820201108
00340820201210
00350120200106
00350120200207
00350120200308
00350120200409
00350120200510
00350120200607
00350120200709
00350120200810
00350120200908
00350120201010
00350120201106
00350120201207
00350220200108
00350220200209
00350220200310
00350220200407
00350220200509
00350220200610
00350220200708
00350220200810
00350220200906
00350220201007
00350220201108
00350220201209
00350320200110
00350320200207
00350320200309
00350320200410
00350320200508
00350320200610
00350320200706
00350320200807
00350320200908
00350320201009
00350320201110
00350320201207
00350420200109
00350420200210
00350420200308
00350420200410
00350420200506
00350420200607
00350420200708
00350420200809
00350420200910
00350420201007
00350420201109
00350420201210
00350520210108
00350520210210
00350520210306
00350520210407
00350520210508
00350520210609
00350520210710
00350520210807
00350520210909
00350520211010
00350520211108
00350520211210
00350620200106
00350620200207
00350620200308
00350620200409
00350620200510
00350620200607
00350620200709
00350620200810
00350620200908
00350620201010
00350620201106
00350620201207
00350720200108
00350720200209
00350720200310
00350720200407
00350720200509
00350720200610
00350720200708
00350720200810
00350720200906
00350720201007
00350720201108
00350720201209
00350820200110
00350820200207
00350820200309
00350820200410
00350820200508
00350820200610
00350820200706
00350820200807
00350820200908
00350820201009
00350820201110
00350820201207
00360120210109
00360120210210
00360120210308
00360120210410
00360120210506
00360120210607
00360120210708
00360120210809
00360120210910
00360120211007
00360120211109
00360120211210
00360220200108
00360220200210
00360220200306
00360220200407
00360220200508
00360220200609
00360220200710
00360220200807
00360220200909
00360220201010
00360220201108
00360220201210
00360320210106
00360320210207
00360320210308
00360320210409
00360320210510
00360320210607
00360320210709
00360320210810
00360320210908
00360320211010
00360320211106
00360320211207
00360420210108
00360420210209
00360420210310
00360420210407
00360420210509
00360420210610
00360420210708
00360420210810
00360420210906
00360420211007
00360420211108
00360420211209
00360520210110
00360520210207
00360520210309
00360520210410
00360520210508
00360520210610
00360520210706
00360520210807
00360520210908
00360520211009
00360520211110
00360520211207
00360620210109
00360620210210
00360620210308
00360620210410
00360620210506
00360620210607
00360620210708
00360620210809
00360620210910
00360620211007
00360620211109
00360620211210
00360720210108
00360720210210
00360720210306
00360720210407
00360720210508
00360720210609
00360720210710
00360720210807
00360720210909
00360720211010
00360720211108
00360720211210
00360820210106
00360820210207
00360820210308
00360820210409
00360820210510
00360820210607
00360820210709
00360820210810
00360820210908
00360820211010
00360820211106
00360820211207
00370120210108
00370120210209
00370120210310
00370120210407
00370120210509
00370120210610
00370120210708
00370120210810
00370120210906
00370120211007
00370120211108
00370120211209
00370220200110
00370220200207
00370220200309
00370220200410
00370220200508
00370220200610
00370220200706
00370220200807
00370220200908
00370220201009
00370220201110
00370220201207
00370320210109
00370320210210
00370320210308
00370320210410
00370320210506
00370320210607
00370320210708
00370320210809
00370320210910
00370320211007
00370320211109
00370320211210
00370420200108
00370420200210
00370420200306
00370420200407
00370420200508
00370420200609
00370420200710
00370420200807
00370420200909
00370420201010
00370420201108
00370420201210
00370520200106
00370520200207
00370520200308
00370520200409
00370520200510
00370520200607
00370520200709
00370520200810
00370520200908
00370520201010
00370520201106
00370520201207
00370620200108
00370620200209
00370620200310
00370620200407
00370620200509
00370620200610
00370620200708
00370620200810
00370620200906
00370620201007
00370620201108
00370620201209
00370720210110
00370720210207
00370720210309
00370720210410
00370720210508
00370720210610
00370720210706
00370720210807
00370720210908
00370720211009
00370720211110
00370720211207
00370820200109
00370820200210
00370820200308
00370820200410
00370820200506
00370820200607
00370820200708
00370820200809
00370820200910
00370820201007
00370820201109
00370820201210
00380120210108
00380120210210
00380120210306
00380120210407
00380120210508
00380120210609
00380120210710
00380120210807
00380120210909
00380120211010
00380120211108
00380120211210
00380220200106
00380220200207
00380220200308
00380220200409
00380220200510
00380220200607
00380220200709
00380220200810
00380220200908
00380220201010
00380220201106
00380220201207
00380320210108
00380320210209
00380320210310
00380320210407
00380320210509
00380320210610
00380320210708
00380320210810
00380320210906
00380320211007
00380320211108
00380320211209
00380420200110
00380420200207
00380420200309
00380420200410
00380420200508
00380420200610
00380420200706
00380420200807
00380420200908
00380420201009
00380420201110
00380420201207
00380520210109
00380520210210
00380520210308
00380520210410
00380520210506
00380520210607
00380520210708
00380520210809
00380520210910
00380520211007
00380520211109
00380520211210
00380620200108
00380620200210
00380620200306
00380620200407
00380620200508
00380620200609
00380620200710
00380620200807
00380620200909
00380620201010
00380620201108
00380620201210
00380720200106
00380720200207
00380720200308
00380720200409
00380720200510
00380720200607
00380720200709
00380720200810
00380720200908
00380720201010
00380720201106
00380720201207
00380820210108
00380820210209
00380820210310
00380820210407
00380820210509
00380820210610
00380820210708
00380820210810
00380820210906
00380820211007
00380820211108
00380820211209
00390120210110
00390120210207
00390120210309
00390120210410
00390120210508
00390120210610
00390120210706
00390120210807
00390120210908
00390120211009
00390120211110
00390120211207
00390220200109
00390220200210
00390220200308
00390220200410
00390220200506
00390220200607
00390220200708
00390220200809
00390220200910
00390220201007
00390220201109
00390220201210
00390320200108
00390320200210
00390320200306
00390320200407
00390320200508
00390320200609
00390320200710
00390320200807
00390320200909
00390320201010
00390320201108
00390320201210
00390420210106
00390420210207
00390420210308
00390420210409
00390420210510
00390420210607
00390420210709
00390420210810
00390420210908
00390420211010
00390420211106
00390420211207
00390520210108
00390520210209
00390520210310
00390520210407
00390520210509
00390520210610
00390520210708
00390520210810
00390520210906
00390520211007
00390520211108
00390520211209
00390620210110
00390620210207
00390620210309
00390620210410
00390620210508
00390620210610
00390620210706
00390620210807
00390620210908
00390620211009
00390620211110
00390620211207
00390720210109
00390720210210
00390720210308
00390720210410
00390720210506
00390720210607
00390720210708
00390720210809
00390720210910
00390720211007
00390720211109
00390720211210
00390820210108
00390820210210
00390820210306
00390820210407
00390820210508
00390820210609
00390820210710
00390820210807
00390820210909
00390820211010
00390820211108
00390820211210
00400120210106
00400120210207
00400120210308
00400120210409
00400120210510
00400120210607
00400120210709
00400120210810
00400120210908
00400120211010
00400120211106
00400120211207
00400220210108
00400220210209
00400220210310
00400220210407
00400220210509
00400220210610
00400220210708
00400220210810
00400220210906
00400220211007
00400220211108
00400220211209
00400320210110
00400320210207
00400320210309
00400320210410
00400320210508
00400320210610
00400320210706
00400320210807
00400320210908
00400320211009
00400320211110
00400320211207
00400420200109
00400420200210
00400420200308
00400420200410
00400420200506
00400420200607
00400420200708
00400420200809
00400420200910
00400420201007
00400420201109
00400420201210
00400520200108
00400520200210
00400520200306
00400520200407
00400520200508
00400520200609
00400520200710
00400520200807
00400520200909
00400520201010
00400520201108
00400520201210
00400620200106
00400620200207
00400620200308
00400620200409
00400620200510
00400620200607
00400620200709
00400620200810
00400620200908
00400620201010
00400620201106
00400620201207
00400720200108
00400720200209
00400720200310
00400720200407
00400720200509
00400720200610
00400720200708
00400720200810
00400720200906
00400720201007
00400720201108
00400720201209
00400820210110
00400820210207
00400820210309
00400820210410
00400820210508
00400820210610
00400820210706
00400820210807
00400820210908
00400820211009
00400820211110
00400820211207
00410120210109
00410120210210
00410120210308
00410120210410
00410120210506
00410120210607
00410120210708
00410120210809
00410120210910
00410120211007
00410120211109
00410120211210
00410220210108
00410220210210
00410220210306
00410220210407
00410220210508
00410220210609
00410220210710
00410220210807
00410220210909
00410220211010
00410220211108
00410220211210
00410320200106
00410320200207
00410320200308
00410320200409
00410320200510
00410320200607
00410320200709
00410320200810
00410320200908
00410320201010
00410320201106
00410320201207
00410420210108
00410420210209
00410420210310
00410420210407
00410420210509
00410420210610
00410420210708
00410420210810
00410420210906
00410420211007
00410420211108
00410420211209
00410520210110
00410520210207
00410520210309
00410520210410
00410520210508
00410520210610
00410520210706
00410520210807
00410520210908
00410520211009
00410520211110
00410520211207
00410620200109
00410620200210
00410620200308
00410620200410
00410620200506
00410620200607
00410620200708
00410620200809
00410620200910
00410620201007
00410620201109
00410620201210
00410720210108
00410720210210
00410720210306
00410720210407
00410720210508
00410720210609
00410720210710
00410720210807
00410720210909
00410720211010
00410720211108
00410720211210
00410820200106
00410820200207
00410820200308
00410820200409
00410820200510
00410820200607
00410820200709
00410820200810
00410820200908
00410820201010
00410820201106
00410820201207
00420120200108
00420120200209
00420120200310
00420120200407
00420120200509
00420120200610
00420120200708
00420120200810
00420120200906
00420120201007
00420120201108
00420120201209
00420220200110
00420220200207
00420220200309
00420220200410
00420220200508
00420220200610
00420220200706
00420220200807
00420220200908
00420220201009
00420220201110
00420220201207
00420320200109
00420320200210
00420320200308
00420320200410
00420320200506
00420320200607
00420320200708
00420320200809
00420320200910
00420320201007
00420320201109
00420320201210
00420420210108
00420420210210
00420420210306
00420420210407
00420420210508
00420420210609
00420420210710
00420420210807
00420420210909
00420420211010
00420420211108
00420420211210
00420520200106
00420520200207
00420520200308
00420520200409
00420520200510
00420520200607
00420520200709
00420520200810
00420520200908
00420520201010
00420520201106
00420520201207
00420620210108
00420620210209
00420620210310
00420620210407
00420620210509
00420620210610
00420620210708
00420620210810
00420620210906
00420620211007
00420620211108
00420620211209
00420720210110
00420720210207
00420720210309
00420720210410
00420720210508
00420720210610
00420720210706
00420720210807
00420720210908
00420720211009
00420720211110
00420720211207
00420820210109
00420820210210
00420820210308
00420820210410
00420820210506
00420820210607
00420820210708
00420820210809
00420820210910
00420820211007
00420820211109
00420820211210
00430120200108
00430120200210
00430120200306
00430120200407
00430120200508
00430120200609
00430120200710
00430120200807
00430120200909
00430120201010
00430120201108
00430120201210
00430220210106
00430220210207
00430220210308
00430220210409
00430220210510
00430220210607
00430220210709
00430220210810
00430220210908
00430220211010
00430220211106
00430220211207
00430320200108
00430320200209
00430320200310
00430320200407
00430320200509
00430320200610
00430320200708
00430320200810
00430320200906
00430320201007
00430320201108
00430320201209
00430420200110
00430420200207
00430420200309
00430420200410
00430420200508
00430420200610
00430420200706
00430420200807
00430420200908
00430420201009
00430420201110
00430420201207
00430520200109
00430520200210
00430520200308
00430520200410
00430520200506
00430520200607
00430520200708
00430520200809
00430520200910
00430520201007
00430520201109
00430520201210
00430620210108
00430620210210
00430620210306
00430620210407
00430620210508
00430620210609
00430620210710
00430620210807
00430620210909
00430620211010
00430620211108
00430620211210
00430720210106
00430720210207
00430720210308
00430720210409
00430720210510
00430720210607
00430720210709
00430720210810
00430720210908
00430720211010
00430720211106
00430720211207
00430820200108
00430820200209
00430820200310
00430820200407
00430820200509
00430820200610
00430820200708
00430820200810
00430820200906
00430820201007
00430820201108
00430820201209
00440120210110
00440120210207
00440120210309
00440120210410
00440120210508
00440120210610
00440120210706
00440120210807
00440120210908
00440120211009
00440120211110
00440120211207
00440220200109
00440220200210
00440220200308
00440220200410
00440220200506
00440220200607
00440220200708
00440220200809
00440220200910
00440220201007
00440220201109
00440220201210
00440320210108
00440320210210
00440320210306
00440320210407
00440320210508
00440320210609
00440320210710
00440320210807
00440320210909
00440320211010
00440320211108
00440320211210
00440420200106
00440420200207
00440420200308
00440420200409
00440420200510
00440420200607
00440420200709
00440420200810
00440420200908
00440420201010
00440420201106
00440420201207
00440520210108
00440520210209
00440520210310
00440520210407
00440520210509
00440520210610
00440520210708
00440520210810
00440520210906
00440520211007
00440520211108
00440520211209
00440620210110
00440620210207
00440620210309
00440620210410
00440620210508
00440620210610
00440620210706
00440620210807
00440620210908
00440620211009
00440620211110
00440620211207
00440720200109
00440720200210
00440720200308
00440720200410
00440720200506
00440720200607
00440720200708
00440720200809
00440720200910
00440720201007
00440720201109
00440720201210
00440820210108
00440820210210
00440820210306
00440820210407
00440820210508
00440820210609
00440820210710
00440820210807
00440820210909
00440820211010
00440820211108
00440820211210
00450120200106
00450120200207
00450120200308
00450120200409
00450120200510
00450120200607
00450120200709
00450120200810
00450120200908
00450120201010
00450120201106
00450120201207
00450220210108
00450220210209
00450220210310
00450220210407
00450220210509
00450220210610
00450220210708
00450220210810
00450220210906
00450220211007
00450220211108
00450220211209
00450320200110
00450320200207
00450320200309
00450320200410
00450320200508
00450320200610
00450320200706
00450320200807
00450320200908
00450320201009
00450320201110
00450320201207
00450420210109
00450420210210
00450420210308
00450420210410
00450420210506
00450420210607
00450420210708
00450420210809
00450420210910
00450420211007
00450420211109
00450420211210
00450520200108
00450520200210
00450520200306
00450520200407
00450520200508
00450520200609
00450520200710
00450520200807
00450520200909
00450520201010
00450520201108
00450520201210
00450620200106
00450620200207
00450620200308
00450620200409
00450620200510
00450620200607
00450620200709
00450620200810
00450620200908
00450620201010
00450620201106
00450620201207
00450720200108
00450720200209
00450720200310
00450720200407
00450720200509
00450720200610
00450720200708
00450720200810
00450720200906
00450720201007
00450720201108
00450720201209
00450820200110
00450820200207
00450820200309
00450820200410
00450820200508
00450820200610
00450820200706
00450820200807
00450820200908
00450820201009
00450820201110
00450820201207
00460120210109
00460120210210
00460120210308
00460120210410
00460120210506
00460120210607
00460120210708
00460120210809
00460120210910
00460120211007
00460120211109
00460120211210
00460220200108
00460220200210
00460220200306
00460220200407
00460220200508
00460220200609
00460220200710
00460220200807
00460220200909
00460220201010
00460220201108
00460220201210
00460320200106
00460320200207
00460320200308
00460320200409
00460320200510
00460320200607
00460320200709
00460320200810
00460320200908
00460320201010
00460320201106
00460320201207
00460420200108
00460420200209
00460420200310
00460420200407
00460420200509
00460420200610
00460420200708
00460420200810
00460420200906
00460420201007
00460420201108
00460420201209
00460520200110
00460520200207
00460520200309
00460520200410
00460520200508
00460520200610
00460520200706
00460520200807
00460520200908
00460520201009
00460520201110
00460520201207
00460620210109
00460620210210
00460620210308
00460620210410
00460620210506
00460620210607
00460620210708
00460620210809
00460620210910
00460620211007
00460620211109
00460620211210
00460720200108
00460720200210
00460720200306
00460720200407
00460720200508
00460720200609
00460720200710
00460720200807
00460720200909
00460720201010
00460720201108
00460720201210
00460820210106
00460820210207
00460820210308
00460820210409
00460820210510
00460820210607
00460820210709
00460820210810
00460820210908
00460820211010
00460820211106
00460820211207
00470120200108
00470120200209
00470120200310
00470120200407
00470120200509
00470120200610
00470120200708
00470120200810
00470120200906
00470120201007
00470120201108
00470120201209
00470220210110
00470220210207
00470220210309
00470220210410
00470220210508
00470220210610
00470220210706
00470220210807
00470220210908
00470220211009
00470220211110
00470220211207
00470320210109
00470320210210
00470320210308
00470320210410
00470320210506
00470320210607
00470320210708
00470320210809
00470320210910
00470320211007
00470320211109
00470320211210
00470420210108
00470420210210
00470420210306
00470420210407
00470420210508
00470420210609
00470420210710
00470420210807
00470420210909
00470420211010
00470420211108
00470420211210
00470520200106
00470520200207
00470520200308
00470520200409
00470520200510
00470520200607
00470520200709
00470520200810
00470520200908
00470520201010
00470520201106
00470520201207
00470620210108
00470620210209
00470620210310
00470620210407
00470620210509
00470620210610
00470620210708
00470620210810
00470620210906
00470620211007
00470620211108
00470620211209
00470720200110
00470720200207
00470720200309
00470720200410
00470720200508
00470720200610
00470720200706
00470720200807
00470720200908
00470720201009
00470720201110
00470720201207
00470820210109
00470820210210
00470820210308
00470820210410
00470820210506
00470820210607
00470820210708
00470820210809
00470820210910
00470820211007
00470820211109
00470820211210
00480120210108
00480120210210
00480120210306
00480120210407
00480120210508
00480120210609
00480120210710
00480120210807
00480120210909
00480120211010
00480120211108
00480120211210
00480220200106
00480220200207
00480220200308
00480220200409
00480220200510
00480220200607
00480220200709
00480220200810
00480220200908
00480220201010
00480220201106
00480220201207
00480320200108
00480320200209
00480320200310
00480320200407
00480320200509
00480320200610
00480320200708
00480320200810
00480320200906
00480320201007
00480320201108
00480320201209
00480420210110
00480420210207
00480420210309
00480420210410
00480420210508
00480420210610
00480420210706
00480420210807
00480420210908
00480420211009
00480420211110
00480420211207
00480520210109
00480520210210
00480520210308
00480520210410
00480520210506
00480520210607
00480520210708
00480520210809
00480520210910
00480520211007
00480520211109
00480520211210
00480620210108
00480620210210
00480620210306
00480620210407
00480620210508
00480620210609
00480620210710
00480620210807
00480620210909
00480620211010
00480620211108
00480620211210
00480720200106
00480720200207
00480720200308
00480720200409
00480720200510
00480720200607
00480720200709
00480720200810
00480720200908
00480720201010
00480720201106
00480720201207
00480820210108
00480820210209
00480820210310
00480820210407
00480820210509
00480820210610
00480820210708
00480820210810
00480820210906
00480820211007
00480820211108
00480820211209
00490120200110
00490120200207
00490120200309
00490120200410
00490120200508
00490120200610
00490120200706
00490120200807
00490120200908
00490120201009
00490120201110
00490120201207
00490220200109
00490220200210
00490220200308
00490220200410
00490220200506
00490220200607
00490220200708
00490220200809
00490220200910
00490220201007
00490220201109
00490220201210
00490320200108
00490320200210
00490320200306
00490320200407
00490320200508
00490320200609
00490320200710
00490320200807
00490320200909
00490320201010
00490320201108
00490320201210
00490420200106
00490420200207
00490420200308
00490420200409
00490420200510
00490420200607
00490420200709
00490420200810
00490420200908
00490420201010
00490420201106
00490420201207
00490520210108
00490520210209
00490520210310
00490520210407
00490520210509
00490520210610
00490520210708
00490520210810
00490520210906
00490520211007
00490520211108
00490520211209
00490620200110
00490620200207
00490620200309
00490620200410
00490620200508
00490620200610
00490620200706
00490620200807
00490620200908
00490620201009
00490620201110
00490620201207
00490720210109
00490720210210
00490720210308
00490720210410
00490720210506
00490720210607
00490720210708
00490720210809
00490720210910
00490720211007
00490720211109
00490720211210
00490820210108
00490820210210
00490820210306
00490820210407
00490820210508
00490820210609
00490820210710
00490820210807
00490820210909
00490820211010
00490820211108
00490820211210
00490820210106
00490820210207
00490820210308
00490820210409
00490820210510
00490820210607
00490820210709
00490820210810
00490820210908
00490820211010
00490820211106
00490820211207
